2024-05-23 07:40:30.595 [info] Log level: Info
2024-05-23 07:40:30.595 [info] Validating found git in: "git"
2024-05-23 07:40:30.595 [info] Using git "2.45.1" from "git"
2024-05-23 07:40:30.595 [info] > git rev-parse --show-toplevel [16ms]
2024-05-23 07:40:30.595 [info] > git rev-parse --git-dir --git-common-dir [37ms]
2024-05-23 07:40:30.595 [info] Open repository: /home/cyper/.config
2024-05-23 07:40:30.623 [info] > git rev-parse --show-toplevel [265ms]
2024-05-23 07:40:30.625 [info] > git config --get commit.template [275ms]
2024-05-23 07:40:30.658 [info] > git rev-parse --show-toplevel [18ms]
2024-05-23 07:40:30.671 [info] > git rev-parse --show-toplevel [5ms]
2024-05-23 07:40:30.689 [info] > git for-each-ref --format=%(refname)%00%(upstream:short)%00%(objectname)%00%(upstream:track)%00%(upstream:remotename)%00%(upstream:remoteref) refs/heads/main refs/remotes/main [35ms]
2024-05-23 07:40:30.696 [info] > git rev-parse --show-toplevel [14ms]
2024-05-23 07:40:30.733 [info] > git rev-parse --show-toplevel [19ms]
2024-05-23 07:40:30.746 [info] > git rev-parse --show-toplevel [5ms]
2024-05-23 07:40:30.757 [info] > git rev-parse --show-toplevel [4ms]
2024-05-23 07:40:30.774 [info] > git rev-parse --show-toplevel [8ms]
2024-05-23 07:40:30.788 [info] > git rev-parse --show-toplevel [5ms]
2024-05-23 07:40:30.815 [info] > git rev-parse --show-toplevel [8ms]
2024-05-23 07:40:30.829 [info] > git rev-parse --show-toplevel [5ms]
2024-05-23 07:40:30.843 [info] > git rev-parse --show-toplevel [5ms]
2024-05-23 07:40:30.861 [info] > git rev-parse --show-toplevel [5ms]
2024-05-23 07:40:30.880 [info] > git rev-parse --show-toplevel [7ms]
2024-05-23 07:40:30.901 [info] > git status -z -uall [173ms]
2024-05-23 07:40:30.962 [info] > git merge-base refs/heads/main refs/remotes/origin/main [44ms]
2024-05-23 07:40:30.972 [info] > git rev-parse --show-toplevel [74ms]
2024-05-23 07:40:30.981 [info] > git config --get commit.template [20ms]
2024-05-23 07:40:30.989 [info] > git rev-parse --show-toplevel [10ms]
2024-05-23 07:40:30.996 [info] > git rev-list --count --left-right refs/heads/main...refs/remotes/origin/main [25ms]
2024-05-23 07:40:31.007 [info] > git rev-parse --show-toplevel [11ms]
2024-05-23 07:40:31.007 [info] > git for-each-ref --format=%(refname)%00%(upstream:short)%00%(objectname)%00%(upstream:track)%00%(upstream:remotename)%00%(upstream:remoteref) refs/heads/main refs/remotes/main [19ms]
2024-05-23 07:40:31.131 [info] > git diff --name-status -z --diff-filter=ADMR a48ad9f78cfafc31918a383140e0d74241d40561...refs/remotes/origin/main [126ms]
2024-05-23 07:40:31.148 [info] > git rev-parse --show-toplevel [25ms]
2024-05-23 07:40:31.163 [info] > git check-ignore -v -z --stdin [19ms]
2024-05-23 07:40:31.183 [info] > git rev-parse --show-toplevel [22ms]
2024-05-23 07:40:31.212 [info] > git rev-parse --show-toplevel [20ms]
2024-05-23 07:40:31.226 [info] > git rev-parse --show-toplevel [5ms]
2024-05-23 07:40:31.239 [info] > git rev-parse --show-toplevel [4ms]
2024-05-23 07:40:31.330 [info] > git status -z -uall [148ms]
